src/test/resources/demo-01/MNT.asc
ncols        437
nrows        183
xllcorner    351935.532718052450
yllcorner    6787152.240956934200
cellsize     1.997921162567
NODATA_value  0
[rows 19 to 37 of 183, columns 0 to 43 of 437]
0 0 0 0 0 0 0 0 0 0 0 35.472000122070313 35.459999084472656 35.459999084472656 35.459999084472656 35.459999084472656 35.459999084472656 35.459999084472656 35.449001312255859 35.393001556396484 35.312000274658203 35.273998260498047 35.328998565673828 35.53900146484375 35.86199951171875 36.097000122070313 36.183998107910156 36.201999664306641 36.202999114990234 36.208000183105469 36.217998504638672 36.233001708984375 36.262001037597656 36.320999145507813 36.4010009765625 36.5260009765625 36.658000946044922 36.786998748779297 36.888999938964844 36.974998474121094 37.047000885009766 37.106998443603516 37.166999816894531 37.215999603271484
0 0 0 0 0 0 0 0 0 0 0 35.466999053955078 35.459999084472656 35.458999633789063 35.457000732421875 35.457000732421875 35.457000732421875 35.458000183105469 35.445999145507813 35.383998870849609 35.306999206542969 35.278999328613281 35.349998474121094 35.578998565673828 35.922000885009766 36.155998229980469 36.237998962402344 36.244998931884766 36.248001098632813 36.257999420166016 36.268001556396484 36.285999298095703 36.317001342773438 36.372001647949219 36.469001770019531 36.605998992919922 36.735000610351563 36.856998443603516 36.963001251220703 37.044998168945313 37.115001678466797 37.173999786376953 37.227001190185547 37.2760009765625
0 0 0 0 0 0 0 0 0 0 0 35.466999053955078 35.459999084472656 35.457000732421875 35.450000762939453 35.450000762939453 35.450000762939453 35.451999664306641 35.442001342773438 35.377998352050781 35.305000305175781 35.282001495361328 35.372001647949219 35.629001617431641 35.984001159667969 36.214000701904297 36.287998199462891 36.294998168945313 36.298000335693359 36.307998657226563 36.323001861572266 36.346000671386719 36.376998901367188 36.430000305175781 36.53900146484375 36.686000823974609 36.814998626708984 36.933998107910156 37.035999298095703 37.115001678466797 37.185001373291016 37.243999481201172 37.293998718261719 37.33599853515625
0 0 0 0 0 0 0 0 0 0 0 35.465000152587891 35.459999084472656 35.457000732421875 35.450000762939453 35.450000762939453 35.450000762939453 35.450000762939453 35.436000823974609 35.374000549316406 35.298999786376953 35.290000915527344 35.416000366210937 35.715999603271484 36.073001861572266 36.284000396728516 36.347000122070313 36.354000091552734 36.355998992919922 36.366001129150391 36.382999420166016 36.405998229980469 36.437000274658203 36.498001098632813 36.617000579833984 36.765998840332031 36.895000457763672 37.013999938964844 37.112998962402344 37.185001373291016 37.255001068115234 37.313999176025391 37.356998443603516 37.402999877929688
0 0 0 0 0 0 0 0 0 0 0 35.459999084472656 35.459999084472656 35.457000732421875 35.450000762939453 35.450000762939453 35.450000762939453 35.449001312255859 35.430999755859375 35.366001129150391 35.298000335693359 35.307998657226563 35.501998901367188 35.879001617431641 36.227001190185547 36.389999389648438 36.431999206542969 36.437000274658203 36.436000823974609 36.435001373291016 36.443000793457031 36.465999603271484 36.505001068115234 36.576000213623047 36.703998565673828 36.853000640869141 36.983001708984375 37.101001739501953 37.193000793457031 37.26300048828125 37.332000732421875 37.383998870849609 37.423999786376953 37.458999633789063
0 0 0 0 0 0 0 0 0 0 0 35.459999084472656 35.459999084472656 35.458000183105469 35.451999664306641 35.450000762939453 35.450000762939453 35.446998596191406 35.419998168945313 35.351001739501953 35.291000366210938 35.334999084472656 35.611000061035156 36.076000213623047 36.4010009765625 36.500999450683594 36.522998809814453 36.520999908447266 36.518001556396484 36.507999420166016 36.506000518798828 36.527999877929688 36.576000213623047 36.662998199462891 36.793998718261719 36.943000793457031 37.071998596191406 37.183998107910156 37.272998809814453 37.341999053955078 37.403999328613281 37.452999114990234 37.486000061035156 37.515998840332031
0 0 0 0 0 0 0 0 0 0 0 35.459999084472656 35.459999084472656 35.459999084472656 35.458000183105469 35.451999664306641 35.451000213623047 35.445999145507813 35.404998779296875 35.326000213623047 35.283000946044922 35.369998931884766 35.715000152587891 36.228000640869141 36.5260009765625 36.590000152587891 36.592998504638672 36.587001800537109 36.583000183105469 36.575000762939453 36.570999145507813 36.592998504638672 36.653999328613281 36.745998382568359 36.883998870849609 37.033000946044922 37.154998779296875 37.270999908447266 37.353000640869141 37.422000885009766 37.4739990234375 37.515998840332031 37.546001434326172 37.576000213623047
0 0 0 0 0 0 0 0 0 0 35.472000122070313 35.459999084472656 35.459999084472656 35.459999084472656 35.459999084472656 35.458000183105469 35.455001831054687 35.449001312255859 35.393001556396484 35.312000274658203 35.285999298095703 35.426998138427734 35.838001251220703 36.338001251220703 36.588001251220703 36.633998870849609 36.636001586914063 36.633998870849609 36.627998352050781 36.625 36.626998901367188 36.653999328613281 36.720001220703125 36.826000213623047 36.965999603271484 37.109001159667969 37.242000579833984 37.346000671386719 37.424999237060547 37.493999481201172 37.535999298095703 37.576000213623047 37.605998992919922 37.627998352050781
0 0 0 0 0 0 0 0 0 0 35.466999053955078 35.459999084472656 35.459999084472656 35.459999084472656 35.459999084472656 35.459999084472656 35.459999084472656 35.446998596191406 35.386001586914063 35.306999206542969 35.298000335693359 35.491001129150391 35.956001281738281 36.418998718261719 36.616001129150391 36.645999908447266 36.652999877929687 36.652999877929687 36.6510009765625 36.648998260498047 36.666000366210938 36.701000213623047 36.772998809814453 36.898998260498047 37.046001434326172 37.185001373291016 37.308998107910156 37.408000946044922 37.48699951171875 37.541999816894531 37.589000701904297 37.620998382568359 37.6510009765625 37.671001434326172
0 0 0 0 0 0 0 0 0 0 35.465000152587891 35.459999084472656 35.458999633789063 35.457000732421875 35.457000732421875 35.457000732421875 35.457000732421875 35.444000244140625 35.382999420166016 35.305000305175781 35.312000274658203 35.555000305175781 36.055000305175781 36.474998474121094 36.631000518798828 36.655998229980469 36.662998199462891 36.66400146484375 36.666000366210938 36.673000335693359 36.703998565673828 36.754001617431641 36.831001281738281 36.962001800537109 37.104000091552734 37.25 37.36199951171875 37.46099853515625 37.532001495361328 37.582000732421875 37.631000518798828 37.660999298095703 37.682998657226563 37.702999114990234
0 0 0 0 0 0 0 0 0 0 35.459999084472656 35.458999633789063 35.455001831054687 35.450000762939453 35.450000762939453 35.450000762939453 35.449001312255859 35.432998657226563 35.370998382568359 35.300998687744141 35.333000183105469 35.620998382568359 36.155998229980469 36.5260009765625 36.640998840332031 36.666000366210938 36.674999237060547 36.681999206542969 36.689998626708984 36.702999114990234 36.750999450683594 36.812000274658203 36.890998840332031 37.013999938964844 37.153999328613281 37.287998199462891 37.395999908447266 37.480998992919922 37.556999206542969 37.606998443603516 37.648998260498047 37.671001434326172 37.698001861572266 37.717998504638672
0 0 0 0 0 0 0 0 0 0 35.459999084472656 35.457000732421875 35.450000762939453 35.450000762939453 35.450000762939453 35.450000762939453 35.446998596191406 35.419998168945313 35.354000091552734 35.296001434326172 35.358001708984375 35.699001312255859 36.249000549316406 36.569000244140625 36.6510009765625 36.676998138427734 36.694000244140625 36.713001251220703 36.728000640869141 36.75 36.800998687744141 36.862998962402344 36.943000793457031 37.055999755859375 37.187999725341797 37.310001373291016 37.403999328613281 37.491001129150391 37.555000305175781 37.604000091552734 37.637001037597656 37.671001434326172 37.694000244140625 37.714000701904297
0 0 0 0 0 0 0 0 0 0 35.459999084472656 35.458000183105469 35.451999664306641 35.450000762939453 35.451000213623047 35.452999114990234 35.446998596191406 35.410999298095703 35.338001251220703 35.291999816894531 35.384998321533203 35.766998291015625 36.312999725341797 36.596000671386719 36.660999298095703 36.693000793457031 36.726001739501953 36.752998352050781 36.780998229980469 36.808998107910156 36.852001190185547 36.908000946044922 36.985000610351563 37.088001251220703 37.202999114990234 37.306999206542969 37.395999908447266 37.471000671386719 37.529998779296875 37.578998565673828 37.609001159667969 37.641998291015625 37.668998718261719 37.688999176025391
0 0 0 0 0 0 0 0 0 0 35.459999084472656 35.459999084472656 35.457000732421875 35.451000213623047 35.455001831054687 35.46099853515625 35.453998565673828 35.409000396728516 35.331001281738281 35.291000366210938 35.423999786376953 35.844001770019531 36.36199951171875 36.613998413085937 36.673000335693359 36.712001800537109 36.759998321533203 36.799999237060547 36.830001831054687 36.862998962402344 36.902999877929688 36.948001861572266 37.015998840332031 37.102001190185547 37.196998596191406 37.28900146484375 37.363998413085938 37.432998657226563 37.485000610351563 37.527000427246094 37.556999206542969 37.587001800537109 37.617000579833984 37.637001037597656
0 0 0 0 0 0 0 0 0 0 35.459999084472656 35.459999084472656 35.458000183105469 35.455001831054687 35.459999084472656 35.463001251220703 35.458999633789063 35.405998229980469 35.326999664306641 35.293998718261719 35.472999572753906 35.929000854492188 36.412998199462891 36.629001617431641 36.687000274658203 36.742000579833984 36.798000335693359 36.841999053955078 36.869998931884766 36.902000427246094 36.938999176025391 36.980998992919922 37.037998199462891 37.111000061035156 37.186000823974609 37.254001617431641 37.316001892089844 37.377998352050781 37.426998138427734 37.459999084472656 37.490001678466797 37.520000457763672 37.549999237060547 37.576999664306641
0 0 0 0 0 0 0 0 0 0 35.459999084472656 35.459999084472656 35.459999084472656 35.459999084472656 35.459999084472656 35.463001251220703 35.458999633789063 35.396999359130859 35.317001342773437 35.305999755859375 35.532001495361328 36.023998260498047 36.465999603271484 36.640998840332031 36.700000762939453 36.768001556396484 36.841999053955078 36.883998870849609 36.905998229980469 36.933998107910156 36.964000701904297 36.998001098632812 37.049999237060547 37.097999572753906 37.159999847412109 37.213001251220703 37.264999389648438 37.310001373291016 37.352001190185547 37.382999420166016 37.419998168945313 37.449001312255859 37.472000122070313 37.501998901367188
0 0 0 0 0 0 0 0 0 0 35.459999084472656 35.458999633789063 35.457000732421875 35.458000183105469 35.459999084472656 35.465000152587891 35.463001251220703 35.389999389648437 35.305000305175781 35.321998596191406 35.604000091552734 36.131000518798828 36.516998291015625 36.655998229980469 36.712001800537109 36.786998748779297 36.866001129150391 36.908000946044922 36.929000854492188 36.953998565673828 36.983001708984375 37.012001037597656 37.044998168945313 37.083999633789063 37.123001098632813 37.165000915527344 37.207000732421875 37.240001678466797 37.271999359130859 37.301998138427734 37.334999084472656 37.356998443603516 37.384998321533203 37.41400146484375
0 0 0 0 0 0 0 0 0 0 35.459999084472656 35.457000732421875 35.450000762939453 35.452999114990234 35.459999084472656 35.465000152587891 35.458000183105469 35.377998352050781 35.300998687744141 35.346000671386719 35.682998657226563 36.240001678466797 36.566001892089844 36.666000366210938 36.722000122070312 36.794998168945312 36.869998931884766 36.911998748779297 36.936000823974609 36.967998504638672 36.994998931884766 37.014999389648438 37.041000366210937 37.067001342773437 37.096000671386719 37.122001647949219 37.153999328613281 37.183998107910156 37.207000732421875 37.23699951171875 37.266998291015625 37.286998748779297 37.317001342773437 37.347000122070313
0 0 0 0 0 0 0 0 0 35.459999084472656 35.458999633789063 35.455001831054687 35.449001312255859 35.450000762939453 35.457000732421875 35.458999633789063 35.443000793457031 35.361000061035156 35.297000885009766 35.374000549316406 35.761001586914063 36.323001861572266 36.601001739501953 36.675998687744141 36.730998992919922 36.798000335693359 36.860000610351562 36.902999877929688 36.930999755859375 36.969001770019531 36.998001098632812 37.018001556396484 37.041000366210937 37.068000793457031 37.083999633789063 37.104000091552734 37.125999450683594 37.148998260498047 37.168998718261719 37.199001312255859 37.221000671386719 37.242000579833984 37.271999359130859 37.293998718261719
