src/test/resources/demo-01/MNT.asc
ncols        437
nrows        183
xllcorner    351935.532718052450
yllcorner    6787152.240956934200
cellsize     1.997921162567
NODATA_value  0
[rows 76 to 94 of 183, columns 264 to 307 of 437]
42.076000213623047 42.109001159667969 42.13800048828125 42.159000396728516 42.187999725341797 42.208999633789063 42.238998413085938 42.261001586914063 42.291999816894531 42.325000762939453 42.363998413085938 42.394001007080078 42.426998138427734 42.464000701904297 42.497001647949219 42.527000427246094 42.567001342773438 42.597000122070313 42.630001068115234 42.666999816894531 42.696998596191406 42.727001190185547 42.758998870849609 42.778999328613281 42.798000335693359 42.805000305175781 42.792999267578125 42.751998901367188 42.740001678466797 42.733001708984375 42.733001708984375 42.733001708984375 42.736000061035156 42.745998382568359 42.756000518798828 42.7760009765625 42.796001434326172 42.819000244140625 42.847000122070313 42.876998901367188 42.909999847412109 42.946998596191406 42.979999542236328 43.020000457763672
42.089000701904297 42.118999481201172 42.147998809814453 42.168998718261719 42.191001892089844 42.219001770019531 42.241001129150391 42.269001007080078 42.291999816894531 42.321998596191406 42.354000091552734 42.383998870849609 42.415000915527344 42.453998565673828 42.484001159667969 42.513999938964844 42.547000885009766 42.576999664306641 42.613998413085937 42.646999359130859 42.676998138427734 42.706001281738281 42.729000091552734 42.749000549316406 42.769001007080078 42.784999847412109 42.772998809814453 42.735000610351563 42.724998474121094 42.722999572753906 42.722999572753906 42.722999572753906 42.722999572753906 42.726001739501953 42.736000061035156 42.756000518798828 42.7760009765625 42.797000885009766 42.826999664306641 42.856998443603516 42.887001037597656 42.926998138427734 42.957000732421875 42.997001647949219
42.091999053955078 42.129001617431641 42.158000946044922 42.178001403808594 42.199001312255859 42.221000671386719 42.249000549316406 42.270999908447266 42.298999786376953 42.320999145507813 42.351001739501953 42.381999969482422 42.411998748779297 42.444000244140625 42.4739990234375 42.504001617431641 42.534000396728516 42.564998626708984 42.604000091552734 42.633998870849609 42.66400146484375 42.686000823974609 42.706001281738281 42.726001739501953 42.738998413085938 42.756999969482422 42.745998382568359 42.715000152587891 42.706001281738281 42.713001251220703 42.713001251220703 42.713001251220703 42.713001251220703 42.720001220703125 42.722999572753906 42.736000061035156 42.756999969482422 42.784000396728516 42.813999176025391 42.844001770019531 42.874000549316406 42.907001495361328 42.944999694824219 42.984001159667969
42.0989990234375 42.131999969482422 42.160999298095703 42.187999725341797 42.208000183105469 42.229000091552734 42.257999420166016 42.278999328613281 42.300998687744141 42.328998565673828 42.359001159667969 42.388999938964844 42.418998718261719 42.449001312255859 42.479000091552734 42.508998870849609 42.53900146484375 42.569000244140625 42.601001739501953 42.631000518798828 42.653999328613281 42.680999755859375 42.693000793457031 42.706001281738281 42.715999603271484 42.728000640869141 42.7239990234375 42.694999694824219 42.693000793457031 42.709999084472656 42.709999084472656 42.716999053955078 42.717998504638672 42.720001220703125 42.728000640869141 42.737998962402344 42.750999450683594 42.773998260498047 42.804000854492188 42.833999633789063 42.863998413085937 42.895000457763672 42.935001373291016 42.9739990234375
42.109001159667969 42.138999938964844 42.168998718261719 42.191001892089844 42.217998504638672 42.238998413085938 42.261001586914063 42.287998199462891 42.308998107910156 42.339000701904297 42.368999481201172 42.398998260498047 42.429000854492188 42.458999633789063 42.495998382568359 42.5260009765625 42.555999755859375 42.58599853515625 42.609001159667969 42.638999938964844 42.666000366210938 42.687999725341797 42.698001861572266 42.708000183105469 42.709999084472656 42.720001220703125 42.719001770019531 42.689998626708984 42.698001861572266 42.71099853515625 42.724998474121094 42.727001190185547 42.728000640869141 42.735000610351563 42.737998962402344 42.748001098632813 42.757999420166016 42.778999328613281 42.800998687744141 42.832000732421875 42.861000061035156 42.891998291015625 42.924999237060547 42.964000701904297
42.11199951171875 42.148998260498047 42.178001403808594 42.199001312255859 42.221000671386719 42.248001098632813 42.269001007080078 42.298000335693359 42.319000244140625 42.3489990234375 42.379001617431641 42.416000366210938 42.446998596191406 42.484001159667969 42.515998840332031 42.546001434326172 42.576000213623047 42.605998992919922 42.632999420166016 42.655998229980469 42.686000823974609 42.705001831054688 42.715000152587891 42.724998474121094 42.724998474121094 42.727001190185547 42.726001739501953 42.705001831054688 42.708000183105469 42.726001739501953 42.744998931884766 42.744998931884766 42.744998931884766 42.755001068115234 42.755001068115234 42.764999389648437 42.7760009765625 42.796001434326172 42.816001892089844 42.839000701904297 42.868999481201172 42.898998260498047 42.929000854492188 42.969001770019531
42.118999481201172 42.159000396728516 42.187999725341797 42.208000183105469 42.229000091552734 42.257999420166016 42.278999328613281 42.308998107910156 42.33599853515625 42.366001129150391 42.396999359130859 42.436000823974609 42.466999053955078 42.506000518798828 42.536998748779297 42.574001312255859 42.604000091552734 42.633998870849609 42.662998199462891 42.682998657226563 42.706001281738281 42.724998474121094 42.735000610351563 42.744998931884766 42.744998931884766 42.751998901367188 42.750999450683594 42.731998443603516 42.733001708984375 42.752998352050781 42.764999389648437 42.771999359130859 42.771999359130859 42.775001525878906 42.775001525878906 42.784999847412109 42.796001434326172 42.816001892089844 42.83599853515625 42.855998992919922 42.886001586914063 42.916000366210938 42.945999145507813 42.979000091552734
42.129001617431641 42.168998718261719 42.198001861572266 42.219001770019531 42.245998382568359 42.268001556396484 42.28900146484375 42.319000244140625 42.3489990234375 42.379001617431641 42.416999816894531 42.456001281738281 42.48699951171875 42.527000427246094 42.563999176025391 42.604000091552734 42.633998870849609 42.66400146484375 42.693000793457031 42.713001251220703 42.733001708984375 42.744998931884766 42.755001068115234 42.765998840332031 42.779998779296875 42.790000915527344 42.797000885009766 42.791999816894531 42.792999267578125 42.812000274658203 42.806999206542969 42.801998138427734 42.801998138427734 42.801998138427734 42.803001403808594 42.812999725341797 42.823001861572266 42.842998504638672 42.855998992919922 42.882999420166016 42.905998229980469 42.936000823974609 42.965999603271484 42.997001647949219
42.138999938964844 42.179000854492188 42.208999633789063 42.236000061035156 42.258998870849609 42.285999298095703 42.305999755859375 42.33599853515625 42.366001129150391 42.396999359130859 42.437000274658203 42.477001190185547 42.513999938964844 42.554000854492187 42.594001770019531 42.633998870849609 42.66400146484375 42.694000244140625 42.722999572753906 42.743000030517578 42.76300048828125 42.772998809814453 42.783000946044922 42.792999267578125 42.812999725341797 42.823001861572266 42.833000183105469 42.840000152587891 42.854999542236328 42.859001159667969 42.841999053955078 42.832000732421875 42.832000732421875 42.832000732421875 42.833000183105469 42.842998504638672 42.853000640869141 42.866001129150391 42.882999420166016 42.905998229980469 42.932998657226563 42.957000732421875 42.993999481201172 43.023998260498047
42.157001495361328 42.195999145507812 42.226001739501953 42.256000518798828 42.2760009765625 42.298999786376953 42.326000213623047 42.355998992919922 42.386001586914063 42.416999816894531 42.457000732421875 42.497001647949219 42.536998748779297 42.583999633789063 42.624000549316406 42.66400146484375 42.694000244140625 42.7239990234375 42.752998352050781 42.772998809814453 42.792999267578125 42.803001403808594 42.812999725341797 42.823001861572266 42.83599853515625 42.853000640869141 42.862998962402344 42.873001098632813 42.884998321533203 42.883998870849609 42.872001647949219 42.86199951171875 42.86199951171875 42.86199951171875 42.862998962402344 42.872001647949219 42.875999450683594 42.893001556396484 42.912998199462891 42.932998657226563 42.956001281738281 42.984001159667969 43.016998291015625 43.054000854492188
42.169998168945313 42.215999603271484 42.245998382568359 42.269001007080078 42.296001434326172 42.316001892089844 42.346000671386719 42.368999481201172 42.405998229980469 42.437000274658203 42.477001190185547 42.516998291015625 42.563999176025391 42.606998443603516 42.653999328613281 42.687000274658203 42.7239990234375 42.754001617431641 42.783000946044922 42.796001434326172 42.814998626708984 42.825000762939453 42.834999084472656 42.845001220703125 42.855998992919922 42.875 42.884998321533203 42.895000457763672 42.904998779296875 42.903999328613281 42.895000457763672 42.891998291015625 42.891998291015625 42.891998291015625 42.891998291015625 42.895000457763672 42.902999877929687 42.916000366210938 42.936000823974609 42.956001281738281 42.984001159667969 43.013999938964844 43.043998718261719 43.083999633789063
42.187000274658203 42.229000091552734 42.258998870849609 42.285999298095703 42.308998107910156 42.33599853515625 42.359001159667969 42.387001037597656 42.425998687744141 42.457000732421875 42.497001647949219 42.543998718261719 42.587001800537109 42.633998870849609 42.676998138427734 42.714000701904297 42.745998382568359 42.7760009765625 42.805000305175781 42.816001892089844 42.834999084472656 42.845001220703125 42.854999542236328 42.865001678466797 42.875 42.88800048828125 42.897998809814453 42.908000946044922 42.916999816894531 42.916999816894531 42.915000915527344 42.915000915527344 42.915000915527344 42.915000915527344 42.922000885009766 42.923000335693359 42.932998657226563 42.943000793457031 42.963001251220703 42.983001708984375 43.006000518798828 43.036998748779297 43.074001312255859 43.113998413085937
42.199001312255859 42.238998413085938 42.269001007080078 42.298000335693359 42.319000244140625 42.3489990234375 42.375999450683594 42.405998229980469 42.438999176025391 42.477001190185547 42.516998291015625 42.567001342773438 42.606998443603516 42.657001495361328 42.696998596191406 42.736000061035156 42.765998840332031 42.796001434326172 42.818000793457031 42.834999084472656 42.847999572753906 42.865001678466797 42.875 42.877998352050781 42.88800048828125 42.897998809814453 42.908000946044922 42.909999847412109 42.919998168945313 42.926998138427734 42.926998138427734 42.926998138427734 42.928001403808594 42.935001373291016 42.937999725341797 42.944999694824219 42.955001831054688 42.965999603271484 42.986000061035156 43.006000518798828 43.034000396728516 43.063999176025391 43.104000091552734 43.144001007080078
42.208999633789063 42.249000549316406 42.278999328613281 42.307998657226562 42.328998565673828 42.359001159667969 42.381999969482422 42.418998718261719 42.449001312255859 42.488998413085938 42.529998779296875 42.580001831054687 42.626998901367188 42.668998718261719 42.708999633789063 42.749000549316406 42.778999328613281 42.800998687744141 42.820999145507813 42.840999603271484 42.858001708984375 42.877998352050781 42.887001037597656 42.887001037597656 42.882999420166016 42.893001556396484 42.902999877929687 42.909999847412109 42.919998168945313 42.930000305175781 42.930000305175781 42.937000274658203 42.937999725341797 42.948001861572266 42.955001831054688 42.965000152587891 42.974998474121094 42.986000061035156 43.006000518798828 43.034000396728516 43.063999176025391 43.094001770019531 43.133998870849609 43.174999237060547
42.212001800537109 42.250999450683594 42.280998229980469 42.311000823974609 42.332000732421875 42.361000061035156 42.388999938964844 42.422000885009766 42.458999633789063 42.5 42.547000885009766 42.590000152587891 42.638999938964844 42.679000854492188 42.719001770019531 42.750999450683594 42.780998229980469 42.800998687744141 42.820999145507813 42.840999603271484 42.861000061035156 42.88800048828125 42.904998779296875 42.903999328613281 42.88800048828125 42.889999389648438 42.9010009765625 42.909999847412109 42.919998168945313 42.930000305175781 42.937999725341797 42.946998596191406 42.948001861572266 42.958000183105469 42.967998504638672 42.978000640869141 42.994998931884766 43.006000518798828 43.0260009765625 43.055999755859375 43.087001800537109 43.124000549316406 43.16400146484375 43.205001831054688
42.212001800537109 42.250999450683594 42.280998229980469 42.311000823974609 42.332000732421875 42.361000061035156 42.391998291015625 42.429000854492188 42.469001770019531 42.509998321533203 42.551998138427734 42.599998474121094 42.641998291015625 42.688999176025391 42.722000122070313 42.750999450683594 42.780998229980469 42.800998687744141 42.820999145507813 42.840999603271484 42.86199951171875 42.898998260498047 42.931999206542969 42.930999755859375 42.911998748779297 42.904998779296875 42.915000915527344 42.924999237060547 42.928001403808594 42.937999725341797 42.939998626708984 42.950000762939453 42.958000183105469 42.967998504638672 42.978000640869141 42.994998931884766 43.007999420166016 43.0260009765625 43.053001403808594 43.076999664306641 43.113998413085937 43.146999359130859 43.194000244140625 43.235000610351563
42.212001800537109 42.250999450683594 42.280998229980469 42.311000823974609 42.332000732421875 42.361000061035156 42.391998291015625 42.431999206542969 42.472000122070313 42.512001037597656 42.560001373291016 42.602001190185547 42.650001525878906 42.691001892089844 42.722000122070313 42.750999450683594 42.780998229980469 42.800998687744141 42.820999145507813 42.840999603271484 42.86199951171875 42.895000457763672 42.932998657226563 42.938999176025391 42.911998748779297 42.902999877929687 42.919998168945313 42.923000335693359 42.930999755859375 42.939998626708984 42.939998626708984 42.951000213623047 42.967998504638672 42.978000640869141 42.987998962402344 43.007999420166016 43.0260009765625 43.046001434326172 43.076000213623047 43.104000091552734 43.137001037597656 43.173999786376953 43.216999053955078 43.264999389648438
42.212001800537109 42.250999450683594 42.280998229980469 42.311000823974609 42.332000732421875 42.361000061035156 42.391998291015625 42.431999206542969 42.472000122070313 42.512001037597656 42.555000305175781 42.602001190185547 42.645000457763672 42.683998107910156 42.722000122070313 42.750999450683594 42.773998260498047 42.792999267578125 42.805999755859375 42.826000213623047 42.839000701904297 42.869998931884766 42.915000915527344 42.909000396728516 42.880001068115234 42.879001617431641 42.897998809814453 42.905998229980469 42.923000335693359 42.932998657226563 42.941001892089844 42.958000183105469 42.971000671386719 42.987998962402344 42.998001098632812 43.018001556396484 43.03900146484375 43.066001892089844 43.089000701904297 43.125999450683594 43.157001495361328 43.196998596191406 43.23699951171875 43.286998748779297
42.212001800537109 42.243999481201172 42.280998229980469 42.304000854492188 42.332000732421875 42.361000061035156 42.384998321533203 42.424999237060547 42.465000152587891 42.505001068115234 42.551998138427734 42.595001220703125 42.641998291015625 42.674999237060547 42.714000701904297 42.743999481201172 42.76300048828125 42.7760009765625 42.792999267578125 42.805999755859375 42.816001892089844 42.840000152587891 42.88800048828125 42.883998870849609 42.855998992919922 42.863998413085937 42.882999420166016 42.9010009765625 42.912998199462891 42.930999755859375 42.941001892089844 42.959999084472656 42.971000671386719 42.991001129150391 43.007999420166016 43.028999328613281 43.055999755859375 43.078998565673828 43.105998992919922 43.138999938964844 43.176998138427734 43.216999053955078 43.256999969482422 43.306999206542969
