src/test/resources/demo-01/MNT.asc
ncols        437
nrows        183
xllcorner    351935.532718052450
yllcorner    6787152.240956934200
cellsize     1.997921162567
NODATA_value  0
[rows 76 to 94 of 183, columns 220 to 263 of 437]
41.157001495361328 41.243999481201172 41.333999633789063 41.421001434326172 41.504001617431641 41.590000152587891 41.659000396728516 41.692001342773438 41.735000610351563 41.782001495361328 41.824001312255859 41.863998413085938 41.903999328613281 41.944000244140625 41.984001159667969 42.013999938964844 42.042999267578125 42.066001892089844 42.083000183105469 42.095001220703125 42.104999542236328 42.104999542236328 42.104000091552734 42.094001770019531 42.083999633789063 42.062999725341797 42.035999298095703 42.006000518798828 41.976001739501953 41.944999694824219 41.905998229980469 41.873001098632812 41.833999633789063 41.770999908447266 41.703998565673828 41.633998870849609 41.577999114990234 41.590000152587891 41.6510009765625 41.731998443603516 41.831001281738281 41.910999298095703 41.979999542236328 42.029998779296875
41.180000305175781 41.277000427246094 41.367000579833984 41.457000732421875 41.550998687744141 41.632999420166016 41.708000183105469 41.731998443603516 41.771999359130859 41.813999176025391 41.854000091552734 41.894001007080078 41.933998107910156 41.9739990234375 42.006000518798828 42.035999298095703 42.066001892089844 42.08599853515625 42.104999542236328 42.115001678466797 42.125 42.125 42.124000549316406 42.113998413085938 42.096000671386719 42.076000213623047 42.053001403808594 42.022998809814453 41.993000030517578 41.956001281738281 41.923000335693359 41.884998321533203 41.844001770019531 41.784000396728516 41.714000701904297 41.644001007080078 41.588001251220703 41.599998474121094 41.653999328613281 41.742000579833984 41.840999603271484 41.921001434326172 41.990001678466797 42.040000915527344
41.207000732421875 41.306999206542969 41.396999359130859 41.493999481201172 41.587001800537109 41.673000335693359 41.743000030517578 41.763999938964844 41.804000854492188 41.844001770019531 41.883998870849609 41.923999786376953 41.964000701904297 41.997001647949219 42.034000396728516 42.062999725341797 42.08599853515625 42.105998992919922 42.125 42.134998321533203 42.145000457763672 42.144001007080078 42.137001037597656 42.133998870849609 42.113998413085938 42.092998504638672 42.066001892089844 42.035999298095703 42.006000518798828 41.972999572753906 41.935001373291016 41.895999908447266 41.861000061035156 41.793998718261719 41.7239990234375 41.653999328613281 41.597999572753906 41.603000640869141 41.661998748779297 41.744998931884766 41.844001770019531 41.930999755859375 42 42.049999237060547
41.229999542236328 41.330001831054688 41.426998138427734 41.527000427246094 41.617000579833984 41.705001831054687 41.765998840332031 41.786998748779297 41.826999664306641 41.867000579833984 41.907001495361328 41.946998596191406 41.986000061035156 42.016998291015625 42.055999755859375 42.078998565673828 42.105998992919922 42.125 42.13800048828125 42.147998809814453 42.157001495361328 42.157001495361328 42.153999328613281 42.145999908447266 42.125999450683594 42.105998992919922 42.076000213623047 42.046001434326172 42.015998840332031 41.985000610351562 41.944999694824219 41.905998229980469 41.874000549316406 41.804000854492188 41.734001159667969 41.66400146484375 41.606998443603516 41.610000610351563 41.671001434326172 41.751998901367188 41.852001190185547 41.933998107910156 42.009998321533203 42.058998107910156
41.25 41.349998474121094 41.450000762939453 41.549999237060547 41.645999908447266 41.727001190185547 41.778999328613281 41.806999206542969 41.847000122070313 41.887001037597656 41.926998138427734 41.965999603271484 41.999000549316406 42.035999298095703 42.069000244140625 42.096000671386719 42.118000030517578 42.13800048828125 42.154998779296875 42.165000915527344 42.166999816894531 42.166999816894531 42.166999816894531 42.155998229980469 42.136001586914063 42.116001129150391 42.08599853515625 42.055999755859375 42.0260009765625 41.994998931884766 41.955001831054687 41.916000366210937 41.883998870849609 41.813999176025391 41.743999481201172 41.673999786376953 41.617000579833984 41.619998931884766 41.673999786376953 41.755001068115234 41.854000091552734 41.941001892089844 42.01300048828125 42.069000244140625
41.26300048828125 41.369998931884766 41.470001220703125 41.569999694824219 41.667999267578125 41.740001678466797 41.782001495361328 41.819000244140625 41.859001159667969 41.898998260498047 41.938999176025391 41.979000091552734 42.015998840332031 42.048999786376953 42.078998565673828 42.108001708984375 42.127998352050781 42.147998809814453 42.167999267578125 42.176998138427734 42.176998138427734 42.176998138427734 42.176998138427734 42.166000366210937 42.145999908447266 42.125999450683594 42.096000671386719 42.066001892089844 42.035999298095703 42.005001068115234 41.965000152587891 41.925998687744141 41.887001037597656 41.824001312255859 41.754001617431641 41.683998107910156 41.626998901367188 41.630001068115234 41.680999755859375 41.762001037597656 41.854000091552734 41.943000793457031 42.01300048828125 42.071998596191406
41.279998779296875 41.382999420166016 41.488998413085937 41.582000732421875 41.680999755859375 41.756000518798828 41.78900146484375 41.828998565673828 41.868999481201172 41.909000396728516 41.949001312255859 41.988998413085937 42.028999328613281 42.058998107910156 42.089000701904297 42.118000030517578 42.13800048828125 42.158000946044922 42.169998168945313 42.180000305175781 42.187000274658203 42.187000274658203 42.180000305175781 42.168998718261719 42.155998229980469 42.136001586914063 42.105998992919922 42.076000213623047 42.046001434326172 42.014999389648438 41.974998474121094 41.935001373291016 41.887001037597656 41.833999633789063 41.763999938964844 41.694000244140625 41.637001037597656 41.639999389648437 41.691001892089844 41.764999389648438 41.86199951171875 41.944000244140625 42.020000457763672 42.078998565673828
41.299999237060547 41.400001525878906 41.501998901367188 41.5989990234375 41.691001892089844 41.769001007080078 41.798999786376953 41.839000701904297 41.879001617431641 41.918998718261719 41.958999633789063 41.999000549316406 42.030998229980469 42.062000274658203 42.090999603271484 42.120998382568359 42.140998840332031 42.159999847412109 42.169998168945313 42.180999755859375 42.189998626708984 42.189998626708984 42.187000274658203 42.176998138427734 42.166000366210937 42.145999908447266 42.116001129150391 42.08599853515625 42.055999755859375 42.025001525878906 41.985000610351562 41.944999694824219 41.895000457763672 41.837001800537109 41.773998260498047 41.703998565673828 41.646999359130859 41.650001525878906 41.693000793457031 41.764999389648438 41.863998413085938 41.951000213623047 42.029998779296875 42.089000701904297
41.312000274658203 41.411998748779297 41.512001037597656 41.61199951171875 41.701000213623047 41.770999908447266 41.801998138427734 41.8489990234375 41.888999938964844 41.929000854492188 41.969001770019531 42.001998901367188 42.03900146484375 42.069000244140625 42.090999603271484 42.120998382568359 42.140998840332031 42.159999847412109 42.169998168945313 42.180999755859375 42.189998626708984 42.189998626708984 42.188999176025391 42.180000305175781 42.168998718261719 42.148998260498047 42.125999450683594 42.096000671386719 42.066001892089844 42.034999847412109 41.994998931884766 41.955001831054687 41.903999328613281 41.844001770019531 41.784000396728516 41.714000701904297 41.657001495361328 41.659000396728516 41.701000213623047 41.771999359130859 41.865001678466797 41.953998565673828 42.033000946044922 42.0989990234375
41.330001831054688 41.429000854492187 41.521999359130859 41.622001647949219 41.702999114990234 41.771999359130859 41.810001373291016 41.852001190185547 41.891998291015625 41.931999206542969 41.972000122070313 42.001998901367188 42.041000366210938 42.063999176025391 42.090999603271484 42.120998382568359 42.140998840332031 42.159999847412109 42.169998168945313 42.180999755859375 42.189998626708984 42.189998626708984 42.188999176025391 42.180000305175781 42.168998718261719 42.155998229980469 42.129001617431641 42.105998992919922 42.076000213623047 42.044998168945313 42.005001068115234 41.965000152587891 41.91400146484375 41.854000091552734 41.793998718261719 41.7239990234375 41.666999816894531 41.668998718261719 41.71099853515625 41.775001525878906 41.865001678466797 41.96099853515625 42.041000366210938 42.110000610351563
41.3489990234375 41.442001342773438 41.532001495361328 41.624000549316406 41.71099853515625 41.771999359130859 41.812000274658203 41.859001159667969 41.891998291015625 41.931999206542969 41.972000122070313 42.001998901367188 42.034000396728516 42.062000274658203 42.090999603271484 42.113998413085938 42.133998870849609 42.152999877929688 42.169998168945313 42.180999755859375 42.189998626708984 42.189998626708984 42.189998626708984 42.187000274658203 42.176998138427734 42.166000366210937 42.136001586914063 42.116001129150391 42.08599853515625 42.055000305175781 42.014999389648438 41.974998474121094 41.923999786376953 41.863998413085938 41.804000854492188 41.734001159667969 41.676998138427734 41.672000885009766 41.720001220703125 41.782001495361328 41.872001647949219 41.971000671386719 42.050998687744141 42.119998931884766
41.368999481201172 41.458999633789063 41.541999816894531 41.631999969482422 41.713001251220703 41.778999328613281 41.819999694824219 41.861000061035156 41.891998291015625 41.931999206542969 41.964000701904297 42.000999450683594 42.030998229980469 42.061000823974609 42.083999633789063 42.111000061035156 42.131000518798828 42.144001007080078 42.162998199462891 42.173000335693359 42.182998657226563 42.189998626708984 42.189998626708984 42.188999176025391 42.180000305175781 42.168998718261719 42.145999908447266 42.125999450683594 42.096000671386719 42.064998626708984 42.025001525878906 41.978000640869141 41.926998138427734 41.874000549316406 41.813999176025391 41.743999481201172 41.687000274658203 41.680000305175781 41.722999572753906 41.784999847412109 41.875 41.9739990234375 42.061000823974609 42.137001037597656
41.388999938964844 41.471000671386719 41.551998138427734 41.633998870849609 41.713001251220703 41.782001495361328 41.821998596191406 41.854000091552734 41.891998291015625 41.930999755859375 41.962001800537109 41.993999481201172 42.023998260498047 42.054000854492188 42.074001312255859 42.104000091552734 42.123001098632812 42.140998840332031 42.152999877929688 42.169998168945313 42.180000305175781 42.182998657226563 42.189998626708984 42.189998626708984 42.187000274658203 42.175998687744141 42.155998229980469 42.136001586914063 42.105998992919922 42.075000762939453 42.034999847412109 41.985000610351562 41.935001373291016 41.876998901367188 41.817001342773437 41.754001617431641 41.696998596191406 41.688999176025391 41.729999542236328 41.791999816894531 41.881999969482422 41.981998443603516 42.070999145507813 42.143001556396484
41.416000366210937 41.488998413085937 41.568000793457031 41.640998840332031 41.706001281738281 41.775001525878906 41.820999145507813 41.852001190185547 41.891998291015625 41.923999786376953 41.953998565673828 41.984001159667969 42.013999938964844 42.043998718261719 42.063999176025391 42.094001770019531 42.113998413085938 42.132999420166016 42.144001007080078 42.162998199462891 42.173000335693359 42.180999755859375 42.189998626708984 42.189998626708984 42.189998626708984 42.186000823974609 42.166000366210937 42.145999908447266 42.116001129150391 42.077999114990234 42.037998199462891 41.994998931884766 41.944000244140625 41.883998870849609 41.824001312255859 41.756999969482422 41.707000732421875 41.699001312255859 41.740001678466797 41.801998138427734 41.884998321533203 41.985000610351562 42.074001312255859 42.150001525878906
41.437999725341797 41.507999420166016 41.581001281738281 41.643001556396484 41.702999114990234 41.764999389648438 41.820999145507813 41.852001190185547 41.883998870849609 41.91400146484375 41.944000244140625 41.9739990234375 42.004001617431641 42.034000396728516 42.054000854492188 42.083999633789063 42.104000091552734 42.123001098632812 42.133998870849609 42.152999877929688 42.169998168945313 42.180999755859375 42.189998626708984 42.196998596191406 42.198001861572266 42.203998565673828 42.182998657226563 42.155998229980469 42.125 42.084999084472656 42.044998168945313 41.998001098632813 41.946998596191406 41.894001007080078 41.833999633789063 41.764999389648438 41.716999053955078 41.708999633789063 41.75 41.804000854492188 41.891998291015625 41.992000579833984 42.074001312255859 42.152999877929688
41.465000152587891 41.527999877929687 41.590000152587891 41.650001525878906 41.702999114990234 41.762001037597656 41.806999206542969 41.851001739501953 41.881000518798828 41.903999328613281 41.933998107910156 41.964000701904297 41.993999481201172 42.016998291015625 42.043998718261719 42.066001892089844 42.087001800537109 42.112998962402344 42.131000518798828 42.144001007080078 42.162998199462891 42.180999755859375 42.189998626708984 42.200000762939453 42.200000762939453 42.201999664306641 42.188999176025391 42.166000366210937 42.134998321533203 42.095001220703125 42.055000305175781 42.005001068115234 41.955001831054687 41.896999359130859 41.837001800537109 41.775001525878906 41.727001190185547 41.719001770019531 41.759998321533203 41.812000274658203 41.902000427246094 41.993999481201172 42.081001281738281 42.152999877929688
41.494998931884766 41.547000885009766 41.599998474121094 41.652999877929688 41.702999114990234 41.755001068115234 41.794998168945313 41.844001770019531 41.874000549316406 41.894001007080078 41.923999786376953 41.953998565673828 41.977001190185547 42.004001617431641 42.034000396728516 42.054000854492188 42.074001312255859 42.104000091552734 42.123001098632812 42.140998840332031 42.153999328613281 42.173000335693359 42.182998657226563 42.193000793457031 42.193000793457031 42.192001342773438 42.181999206542969 42.160999298095703 42.131000518798828 42.097999572753906 42.057998657226562 42.006999969482422 41.957000732421875 41.903999328613281 41.844001770019531 41.784999847412109 41.73699951171875 41.729000091552734 41.76300048828125 41.821998596191406 41.904998779296875 41.994998931884766 42.083000183105469 42.152999877929688
41.516998291015625 41.560001373291016 41.610000610351563 41.659999847412109 41.701999664306641 41.744998931884766 41.784999847412109 41.826999664306641 41.856998443603516 41.883998870849609 41.907001495361328 41.937000274658203 41.964000701904297 41.98699951171875 42.015998840332031 42.036998748779297 42.063999176025391 42.087001800537109 42.112998962402344 42.125999450683594 42.143001556396484 42.155998229980469 42.166000366210937 42.174999237060547 42.174999237060547 42.174999237060547 42.165000915527344 42.1510009765625 42.120998382568359 42.090999603271484 42.057998657226562 42.006999969482422 41.958000183105469 41.907001495361328 41.854000091552734 41.794998168945313 41.747001647949219 41.738998413085937 41.770000457763672 41.824001312255859 41.904998779296875 41.994998931884766 42.083000183105469 42.152999877929688
41.536998748779297 41.576999664306641 41.619998931884766 41.661998748779297 41.701999664306641 41.742000579833984 41.775001525878906 41.813999176025391 41.844001770019531 41.867000579833984 41.894001007080078 41.916999816894531 41.946998596191406 41.9739990234375 41.997001647949219 42.023998260498047 42.046001434326172 42.066001892089844 42.089000701904297 42.105998992919922 42.118999481201172 42.136001586914063 42.145999908447266 42.154998779296875 42.154998779296875 42.154998779296875 42.145000457763672 42.133998870849609 42.111000061035156 42.088001251220703 42.049999237060547 42.007999420166016 41.965000152587891 41.915000915527344 41.863998413085938 41.805000305175781 41.756999969482422 41.749000549316406 41.779998779296875 41.831001281738281 41.911998748779297 42.001998901367188 42.083000183105469 42.152999877929688
