src/test/resources/demo-01/MNT.asc
ncols        437
nrows        183
xllcorner    351935.532718052450
yllcorner    6787152.240956934200
cellsize     1.997921162567
NODATA_value  0
[rows 133 to 151 of 183, columns 308 to 351 of 437]
43.319999694824219 43.330001831054688 43.331001281738281 43.340000152587891 43.349998474121094 43.361000061035156 43.369998931884766 43.381000518798828 43.4010009765625 43.421001434326172 43.441001892089844 43.46099853515625 43.480998992919922 43.504001617431641 43.530998229980469 43.562000274658203 43.590999603271484 43.622001647949219 43.661998748779297 43.699001312255859 43.729000091552734 43.758998870849609 43.78900146484375 43.819000244140625 43.840999603271484 43.861000061035156 43.881000518798828 43.9010009765625 43.912998199462891 43.918998718261719 43.905998229980469 43.875 43.83599853515625 43.798999786376953 43.778999328613281 43.758998870849609 43.731998443603516 43.720001220703125 43.709999084472656 43.702999114990234 43.702999114990234 43.706001281738281 43.715999603271484 43.726001739501953
43.319999694824219 43.323001861572266 43.331001281738281 43.340000152587891 43.349998474121094 43.361000061035156 43.369998931884766 43.381000518798828 43.4010009765625 43.421001434326172 43.433998107910156 43.453998565673828 43.4739990234375 43.500999450683594 43.530998229980469 43.562000274658203 43.590999603271484 43.622001647949219 43.661998748779297 43.694000244140625 43.731998443603516 43.769001007080078 43.798999786376953 43.820999145507813 43.840999603271484 43.861000061035156 43.881000518798828 43.9010009765625 43.909999847412109 43.911998748779297 43.909000396728516 43.877998352050781 43.838001251220703 43.805999755859375 43.771999359130859 43.750999450683594 43.729000091552734 43.712001800537109 43.701999664306641 43.693000793457031 43.693000793457031 43.693000793457031 43.702999114990234 43.706001281738281
43.312999725341797 43.312999725341797 43.323001861572266 43.333000183105469 43.342998504638672 43.353000640869141 43.369998931884766 43.381000518798828 43.4010009765625 43.412998199462891 43.430999755859375 43.451000213623047 43.472000122070313 43.500999450683594 43.523998260498047 43.554000854492188 43.583999633789063 43.615001678466797 43.653999328613281 43.692001342773438 43.731998443603516 43.763999938964844 43.793998718261719 43.820999145507813 43.840999603271484 43.861000061035156 43.881000518798828 43.893001556396484 43.902999877929688 43.902999877929688 43.9010009765625 43.877998352050781 43.846000671386719 43.807998657226563 43.769001007080078 43.749000549316406 43.729000091552734 43.708999633789063 43.692001342773438 43.682998657226563 43.682998657226563 43.682998657226563 43.686000823974609 43.693000793457031
43.303001403808594 43.303001403808594 43.312999725341797 43.323001861572266 43.333000183105469 43.344001770019531 43.362998962402344 43.374000549316406 43.393001556396484 43.403999328613281 43.423999786376953 43.444000244140625 43.464000701904297 43.493999481201172 43.513999938964844 43.543998718261719 43.574001312255859 43.604000091552734 43.637001037597656 43.676998138427734 43.716999053955078 43.754001617431641 43.784000396728516 43.813999176025391 43.840999603271484 43.854000091552734 43.873001098632813 43.882999420166016 43.893001556396484 43.893001556396484 43.891998291015625 43.879001617431641 43.847999572753906 43.807998657226563 43.769001007080078 43.742000579833984 43.722000122070313 43.701999664306641 43.688999176025391 43.680000305175781 43.672000885009766 43.665000915527344 43.666000366210937 43.675998687744141
43.278999328613281 43.292999267578125 43.303001403808594 43.312999725341797 43.323001861572266 43.333999633789063 43.353000640869141 43.363998413085938 43.382999420166016 43.394001007080078 43.41400146484375 43.433998107910156 43.453998565673828 43.477001190185547 43.504001617431641 43.527000427246094 43.556999206542969 43.587001800537109 43.625 43.665000915527344 43.705001831054687 43.743999481201172 43.773998260498047 43.804000854492188 43.826000213623047 43.844001770019531 43.862998962402344 43.873001098632813 43.882999420166016 43.882999420166016 43.881999969482422 43.870998382568359 43.847999572753906 43.807998657226563 43.769001007080078 43.738998413085937 43.719001770019531 43.699001312255859 43.681999206542969 43.672000885009766 43.661998748779297 43.652999877929688 43.652999877929688 43.662998199462891
43.249000549316406 43.268001556396484 43.277999877929688 43.28900146484375 43.305999755859375 43.316001892089844 43.33599853515625 43.346000671386719 43.366001129150391 43.383998870849609 43.403999328613281 43.423999786376953 43.444000244140625 43.464000701904297 43.48699951171875 43.513999938964844 43.543998718261719 43.574001312255859 43.606998443603516 43.646999359130859 43.687000274658203 43.727001190185547 43.756999969482422 43.785999298095703 43.805999755859375 43.826000213623047 43.846000671386719 43.855998992919922 43.865001678466797 43.865001678466797 43.865001678466797 43.854000091552734 43.833999633789063 43.800998687744141 43.768001556396484 43.731998443603516 43.712001800537109 43.692001342773438 43.672000885009766 43.661998748779297 43.652000427246094 43.650001525878906 43.643001556396484 43.652999877929688
43.217998504638672 43.230998992919922 43.241001129150391 43.258998870849609 43.277999877929688 43.28900146484375 43.308998107910156 43.326000213623047 43.339000701904297 43.359001159667969 43.386001586914063 43.405998229980469 43.425998687744141 43.446998596191406 43.4739990234375 43.497001647949219 43.527000427246094 43.556999206542969 43.587001800537109 43.626998901367188 43.666999816894531 43.699001312255859 43.729000091552734 43.758998870849609 43.778999328613281 43.798999786376953 43.818000793457031 43.827999114990234 43.838001251220703 43.845001220703125 43.838001251220703 43.833999633789063 43.813999176025391 43.791000366210938 43.754001617431641 43.722000122070313 43.701999664306641 43.681999206542969 43.661998748779297 43.652000427246094 43.643001556396484 43.641998291015625 43.632999420166016 43.634998321533203
43.173999786376953 43.191001892089844 43.201000213623047 43.221000671386719 43.241001129150391 43.258998870849609 43.278999328613281 43.298000335693359 43.308998107910156 43.33599853515625 43.359001159667969 43.379001617431641 43.405998229980469 43.426998138427734 43.456001281738281 43.476001739501953 43.499000549316406 43.528999328613281 43.560001373291016 43.599998474121094 43.638999938964844 43.668998718261719 43.699001312255859 43.729000091552734 43.749000549316406 43.769001007080078 43.787998199462891 43.798000335693359 43.807998657226563 43.810001373291016 43.807998657226563 43.806999206542969 43.793998718261719 43.765998840332031 43.734001159667969 43.703998565673828 43.683998107910156 43.665000915527344 43.652000427246094 43.641998291015625 43.632999420166016 43.631999969482422 43.623001098632813 43.623001098632813
43.117000579833984 43.136001586914063 43.153999328613281 43.173999786376953 43.194000244140625 43.221000671386719 43.241001129150391 43.261001586914063 43.278999328613281 43.308998107910156 43.328998565673828 43.356998443603516 43.386001586914063 43.407001495361328 43.436000823974609 43.456001281738281 43.476001739501953 43.5 43.536998748779297 43.569999694824219 43.609001159667969 43.638999938964844 43.668998718261719 43.699001312255859 43.719001770019531 43.737998962402344 43.750999450683594 43.761001586914063 43.770000457763672 43.770000457763672 43.770000457763672 43.770000457763672 43.759998321533203 43.743999481201172 43.714000701904297 43.683998107910156 43.66400146484375 43.645000457763672 43.641998291015625 43.631999969482422 43.623001098632813 43.622001647949219 43.612998962402344 43.612998962402344
43.049999237060547 43.076999664306641 43.097000122070313 43.117000579833984 43.144001007080078 43.166999816894531 43.194000244140625 43.214000701904297 43.242000579833984 43.271999359130859 43.298999786376953 43.330001831054688 43.367000579833984 43.394001007080078 43.423000335693359 43.436000823974609 43.456001281738281 43.476001739501953 43.501998901367188 43.53900146484375 43.571998596191406 43.602001190185547 43.631999969482422 43.660999298095703 43.680999755859375 43.701000213623047 43.71099853515625 43.721000671386719 43.729999542236328 43.729999542236328 43.729999542236328 43.729999542236328 43.720001220703125 43.708999633789063 43.687000274658203 43.66400146484375 43.644001007080078 43.625 43.625 43.615001678466797 43.612998962402344 43.61199951171875 43.603000640869141 43.603000640869141
42.979999542236328 43.008998870849609 43.029998779296875 43.056999206542969 43.080001831054687 43.106998443603516 43.137001037597656 43.165000915527344 43.194000244140625 43.224998474121094 43.262001037597656 43.299999237060547 43.347000122070313 43.383998870849609 43.405998229980469 43.416000366210938 43.429000854492188 43.449001312255859 43.469001770019531 43.501998901367188 43.532001495361328 43.562000274658203 43.591999053955078 43.613998413085938 43.640998840332031 43.660999298095703 43.671001434326172 43.680999755859375 43.689998626708984 43.689998626708984 43.689998626708984 43.681999206542969 43.673000335693359 43.669998168945313 43.657001495361328 43.637001037597656 43.617000579833984 43.604999542236328 43.604999542236328 43.603000640869141 43.602001190185547 43.595001220703125 43.592998504638672 43.592998504638672
42.895000457763672 42.931999206542969 42.959999084472656 42.990001678466797 43.016998291015625 43.047000885009766 43.076999664306641 43.106998443603516 43.137001037597656 43.174999237060547 43.215000152587891 43.26300048828125 43.320999145507812 43.374000549316406 43.393001556396484 43.395000457763672 43.398998260498047 43.417999267578125 43.431999206542969 43.462001800537109 43.485000610351563 43.513999938964844 43.536998748779297 43.563999176025391 43.587001800537109 43.605998992919922 43.624000549316406 43.632999420166016 43.643001556396484 43.643001556396484 43.643001556396484 43.632999420166016 43.630001068115234 43.630001068115234 43.619998931884766 43.606998443603516 43.587001800537109 43.577999114990234 43.577999114990234 43.584999084472656 43.584999084472656 43.583000183105469 43.583000183105469 43.583000183105469
42.805000305175781 42.845001220703125 42.881999969482422 42.911998748779297 42.943000793457031 42.979999542236328 43.009998321533203 43.040000915527344 43.077999114990234 43.118000030517578 43.158000946044922 43.216999053955078 43.291000366210937 43.347999572753906 43.360000610351562 43.360000610351562 43.361000061035156 43.374000549316406 43.383998870849609 43.407001495361328 43.433998107910156 43.457000732421875 43.484001159667969 43.506999969482422 43.527000427246094 43.554000854492188 43.566001892089844 43.576000213623047 43.58599853515625 43.592998504638672 43.592998504638672 43.583000183105469 43.583000183105469 43.583000183105469 43.573001861572266 43.569999694824219 43.556999206542969 43.548000335693359 43.548000335693359 43.557998657226563 43.564998626708984 43.566001892089844 43.573001861572266 43.573001861572266
42.722999572753906 42.762001037597656 42.794998168945313 42.832000732421875 42.862998962402344 42.902000427246094 42.932998657226563 42.970001220703125 43.002998352050781 43.042999267578125 43.090999603271484 43.1510009765625 43.215000152587891 43.251998901367188 43.277000427246094 43.291999816894531 43.305999755859375 43.316001892089844 43.326999664306641 43.354000091552734 43.376998901367188 43.396999359130859 43.426998138427734 43.446998596191406 43.4739990234375 43.495998382568359 43.506000518798828 43.515998840332031 43.5260009765625 43.535999298095703 43.534999847412109 43.533000946044922 43.533000946044922 43.533000946044922 43.529998779296875 43.529998779296875 43.520000457763672 43.511001586914063 43.518001556396484 43.527999877929687 43.537998199462891 43.546001434326172 43.555999755859375 43.562999725341797
42.634998321533203 42.674999237060547 42.713001251220703 42.751998901367188 42.783000946044922 42.821998596191406 42.853000640869141 42.891998291015625 42.923000335693359 42.963001251220703 43.006000518798828 43.057998657226563 43.103000640869141 43.132999420166016 43.162998199462891 43.189998626708984 43.224998474121094 43.249000549316406 43.266998291015625 43.297000885009766 43.317001342773438 43.337001800537109 43.367000579833984 43.387001037597656 43.409000396728516 43.429000854492188 43.445999145507813 43.456001281738281 43.465999603271484 43.476001739501953 43.483001708984375 43.483001708984375 43.483001708984375 43.483001708984375 43.483001708984375 43.483001708984375 43.479999542236328 43.471000671386719 43.480998992919922 43.498001098632812 43.508998870849609 43.5260009765625 43.535999298095703 43.546001434326172
42.568000793457031 42.606998443603516 42.639999389648438 42.680000305175781 42.709999084472656 42.743000030517578 42.779998779296875 42.812999725341797 42.849998474121094 42.882999420166016 42.923000335693359 42.965000152587891 42.998001098632812 43.027999877929688 43.057998657226563 43.095001220703125 43.134998321533203 43.165000915527344 43.192001342773438 43.222000122070312 43.25 43.277000427246094 43.298999786376953 43.319999694824219 43.347000122070313 43.366001129150391 43.379001617431641 43.395999908447266 43.405998229980469 43.416000366210938 43.425998687744141 43.425998687744141 43.432998657226563 43.432998657226563 43.432998657226563 43.439998626708984 43.432998657226563 43.437999725341797 43.449001312255859 43.467998504638672 43.479000091552734 43.499000549316406 43.515998840332031 43.5260009765625
42.528999328613281 42.562000274658203 42.591999053955078 42.625 42.653999328613281 42.678001403808594 42.716999053955078 42.747001647949219 42.779998779296875 42.810001373291016 42.842998504638672 42.881999969482422 42.911998748779297 42.942001342773437 42.972999572753906 43.012001037597656 43.044998168945312 43.075000762939453 43.104999542236328 43.141998291015625 43.172000885009766 43.201999664306641 43.222000122070312 43.25 43.278999328613281 43.298999786376953 43.317001342773438 43.33599853515625 43.346000671386719 43.355998992919922 43.366001129150391 43.374000549316406 43.382999420166016 43.382999420166016 43.390998840332031 43.393001556396484 43.397998809814453 43.4010009765625 43.410999298095703 43.430999755859375 43.449001312255859 43.476001739501953 43.488998413085938 43.505001068115234
42.513999938964844 42.543998718261719 42.567001342773438 42.596000671386719 42.618999481201172 42.638999938964844 42.672000885009766 42.701999664306641 42.731998443603516 42.762001037597656 42.791999816894531 42.824001312255859 42.847000122070313 42.876998901367188 42.907001495361328 42.939998626708984 42.970001220703125 43 43.036998748779297 43.069999694824219 43.106998443603516 43.129001617431641 43.150001525878906 43.180000305175781 43.209999084472656 43.23699951171875 43.256999969482422 43.2760009765625 43.285999298095703 43.304000854492188 43.312999725341797 43.324001312255859 43.333000183105469 43.333000183105469 43.342998504638672 43.344001770019531 43.354000091552734 43.368000030517578 43.379001617431641 43.398998260498047 43.418998718261719 43.448001861572266 43.458999633789063 43.478000640869141
42.533000946044922 42.548000335693359 42.569000244140625 42.590999603271484 42.611000061035156 42.624000549316406 42.653999328613281 42.676998138427734 42.706001281738281 42.729000091552734 42.758998870849609 42.78900146484375 42.808998107910156 42.839000701904297 42.868999481201172 42.898998260498047 42.922000885009766 42.951999664306641 42.985000610351563 43.014999389648438 43.047000885009766 43.074001312255859 43.095001220703125 43.125 43.153999328613281 43.176998138427734 43.203998565673828 43.222999572753906 43.234001159667969 43.254001617431641 43.263999938964844 43.280998229980469 43.290000915527344 43.291000366210937 43.300998687744141 43.307998657226563 43.318000793457031 43.331001281738281 43.341999053955078 43.368999481201172 43.388999938964844 43.418998718261719 43.436000823974609 43.448001861572266
